14930856
15809815
13509893
13987143
16392516
16294870
16392497
13985159
14995472
14958155
13684881
14208685
15495499
14556810
14948708
13540132
15132997
15140691
15104562
13974639
13814428
14995706
13361064
14208661
13652456
14113022
13578495
16253475
13778809
13359865
15104484
14943122
14034034
13533900
15082673
15740997
13692602
14171384
16273739
13629310
13595262
15099063
16009152
13626272
13942732
15427298
14882575
14995465
16278995
13589656
15099060
15376972
15247723
16009137
15109720
13485022
14411435
16169810
14556770
16014361
13588371
16154982
14279040
16382056
13700333
15251283
14087928
13589899
13974507
13361755
15912448
13840313
15500725
15234691
15110905
15608107
16249016
14756204
16049546
15088226
13588365
15912537
16043678
14073351
15317166
13360736
15749478
14646382
15825434
16045131
15740975
16397377
15363434
14948770
14246361
16045217
14931222
15997366
13974577
13391908
15997686
14178659
14418120
13785529
13399476
14331882
15859946
14088004
14508989
16292588
14751470
16389648
15396990
15792702
15317169
13810340
13594229
15612806
16398686
15713055
15740949
15324719
15213396
14459705
15161101
15488844
13871631
14034048
16163491
13700386
13485094
14073356
13629137
15769655
15790181
14241009
13588356
14113007
14244245
16014350
15397060
15342524
14204566
13626322
15718770
15997363
15997651
16264098
15213249
13814439
15342603
13593741
13352649
13647448
15412066
16346564
14757590
15769634
14995610
14844214
15776013
15825431
14331871
16346543
15158352
13621395
14302214
13964514
14931120
14995701
13774525
15862908
15093989
13588521
13844198
15806703
15325286
14646398
15775971
16248995
14943119
14685114
13942690
14802466
16348980
14682534
15751566
15130395
13633536
13957605
15427258
15234694
15929543
13588350
16041417
15828773
14995625
15369238
13686727
16343992
14751473
13641226
13984785
16235821
13767737
15883265
14682546
13363323
16247988
15877915
16097993
15409358
14930842
13987138
16049565
16014932
13684883
14958133
15130393
14246284
13589688
15936362
14508941
14757589
14181838
13810364
14844167
13691418
15829306
14207204
14569096
15076496
15933604
16098526
14569066
13594813
14279025
13686717
15888775
13354318
14454915
14181847
16155979
15363461
15164329
13581062
15161054
13517844
14796749
14302238
13588442
13871638
16008629
13974544
16263740
13626227
14762509
14688816
15929588
16235838
14889208
15880991
14112990
13359853
15500727
