16170781
16168963
16173002
16167100
16165314
16169000
16166351
16164251
16171821
16171728
16166115
16164744
16172117
16171578
16171541
16171337
16171146
16170895
16170226
16169873
16169798
16168444
16168313
16168279
16167966
16167597
16167268
16167178
16167060
16166968
16166739
16166726
16166554
16166415
16166245
16165055
16164759
16164567
16164499
16164328
16164148
16173041
16171792
16171588
16171429
16171088
16171029
16171023
16170993
16170912
16170614
16170598
16170588
16170522
16170280
16170192
16169181
16168938
16168868
16168079
16167733
16167681
16167471
16167440
16166704
16166218
16165684
16165336
16165216
16165118
16164887
16164750
16164675
16164262
16171790
16171777
16171758
16171748
16171744
16171290
16171272
16171001
16170963
16170941
16170425
16170384
16170162
16169990
16168122
16166659
16166082
16165228
16165187
16164735
16164707
16164223
16170391
16169636
16167960
16167939
16167653
16167264
16167248
16167180
16165449
16172261
16172056
16171955
16171899
16171794
16171746
16171543
16171500
16170787
16170748
16170570
16170346
16170119
16169748
16168634
16168255
16168238
16168207
16168170
16168137
16167964
16167950
16167925
16167897
16167707
16166485
16166429
16166341
16166289
16166236
16166177
16166120
16165522
16165457
16165305
16165240
16165161
16165120
16164677
16169436
16167725
16165211
16165181
16172130
16171672
16170679
16170434
16170051
16169911
16168715
16168664
16168576
16168505
16168411
16168359
16168310
16164829
16164805
16164768
16164721
16164595
16164316
16172348
16171585
16170422
16170358
16168830
16168319
16167700
16166937
16166863
16166661
16164746
16163765
16163756
16163715
16172837
16169325
16166998
16172514
16172277
16172108
16171824
16171590
16167970
16167387
16166835
16166015
16165005
16173255
16173244
16172951
16172929
16172876
16172848
16172809
16166514
16168375
16170582
16170005
16169958
16169898
16169852
16169248
16169168
16169084
16169007
16167811
16164241
16164188
16164142
16171258
16170979
16170150
16169970
16169671
16169598
16169473
16164836
16164393
16164204
16173789
16173785
16173618
16173615
16173278
16173273
16173230
16173218
16173208
16173199
16173192
16173171
16173167
16173159
16173584
16171139
16168396
16173716
16173706
16173703
16173635
16173628
16173621
16173537
16173534
16173526
16173499
16170481
16170448
16170373
16170301
16173181
16172079
16172062
16170261
16169661
16165777
16171574
16171833
16171511
16170970
16170259
16168373
16168353
16168213
16167627
16167615
16165151
16170411
16168272
16165455
16165029
16168139
16166935
16166561
16165661
16168233
16168124
16173312
16173302
16173267
16173249
16172970
16170241
16170202
16170190
16170127
16170066
16169230
16168751
16168704
16168685
16168669
16168627
16168599
16168550
16166946
16166894
16169295
16169260
16169221
16169192
16169141
16169109
16169073
16169023
16168993
16168965
16168942
16168920
16168872
16168844
16172345
16171830
16165824
16165780
16165741
16164462
16170318
16170298
16170268
16172577
16172179
16171560
16171175
16170404
16164580
16163934
16172745
16172706
16171619
16170875
16169940
16169396
16166697
16165410
16169351
16173214
16172370
16172354
16172320
16172662
16172185
16172164
16172146
16172088
16172049
16170457
16170353
16168641
16168614
16168601
16168579
16173185
16171069
16167484
16166779
16172561
16172526
16172495
16173775
16173742
16173736
16173719
16173189
16173178
16173164
16173154
16173146
16170475
16170136
16169967
16168061
16168018
16165086
16172377
16172644
16172171
16172126
16172097
16172071
16172052
16172022
16171997
16171973
16171957
16171932
16173782
16173529
16173347
16173071
16173047
16173004
16172979
16172920
16167767
16167735
16167708
16167675
16167655
16167635
16167619
16167591
16167213
16173760
16173751
16173136
16171278
16171250
16171208
16171136
16171101
16171075
16171052
16171031
16170947
16170917
16166940
16170356
16170321
16170287
16170224
16170183
16170808
16164934
16166803
16166767
16167683
16167673
16167255
16167477
16169125
16167578
16167096
16166489
16167341
16167599
16165347
16170888
16171044
16171027
16168168
16171802
16166989
16171919
16170705
16166263
16168324
16164990
16164960
16167238
16165195
16163829
16172814
16163960
16163930
16170444
16168645
16168572
16170663
16172833
16170866
16169174
16167038
16170851
16170831
16165827
16165008
16169471
16168120
16166373
16164911
16164867
16164780
16165548
16164474
16169274
16169252
16169226
16169217
16169183
16169154
16169129
16169103
16169076
16169063
16169047
16169002
16168975
16168959
16168945
16168929
16168912
16168888
16168875
16168857
16168832
16168808
16168794
16168779
16168753
16168724
16168707
16168692
16168677
16168658
16168618
16168608
16168591
16168563
16168525
16168510
16168501
16168484
16168466
16168453
16168437
16168417
16168401
16168387
16168381
16168362
16166917
16166902
16166889
16166876
16166851
16166816
16166794
16166771
16166763
16166733
16166715
16166691
16166677
16166655
16166639
16166614
16166602
16166572
16166566
16166550
16166540
16166517
16166497
16166481
16166459
16166439
16166433
16166404
16166383
16166369
16166353
16166347
16166327
16166317
16166297
16166275
16166259
16166247
16166223
16166204
16166195
16166185
16166173
16166163
16166153
16166144
16166134
16166124
16166097
16165636
16163984
16171441
16170950
16170376
16172611
16167196
16169500
16167508
16169692
16168759
16166922
16166095
16170427
16170386
16167021
16166128
16165135
16165103
16165075
16165686
16165663
16165610
16165573
16164883
16166887
16164160
16173009
16172918
16169816
16169493
16169172
16167092
16169321
16169117
16166896
16166812
16168379
16171978
16171951
16165063
16169519
16168855
16165384
16165286
16165149
16165130
16164775
16171520
16171404
16171346
16171269
16165631
16165532
16165487
16163719
16163698
16173292
16173175
16171151
16167520
16165192
16171690
16171549
16171478
16171366
16171349
16171253
16171202
16171094
16171011
16172374
16165221
16165163
16165147
16165126
16165096
16165080
16165057
16165031
16165012
16164978
16164958
16164918
16164900
16164865
16164850
16164788
16168953
16168916
16168863
16168812
16168767
16168639
16168534
16164891
16164855
16164682
16164335
16164275
16164247
16167566
16167549
16167545
16167531
16167527
16167492
16167473
16167461
16167436
16167403
16167371
16167337
16167314
16167292
16167276
16167257
16167244
16167228
16167204
16171531
16171422
16171400
16171389
16171383
16171369
16171352
16171324
16171314
16171183
16168744
16166029
16165968
16165940
16170923
16170901
16170878
16169919
16169893
16164705
16164640
16164385
16164367
16169021
16167781
16167448
16167411
16167378
16167334
16166103
16166074
16164356
16163891
16170379
16165874
16165167
16164633
16164387
16173518
16173506
16173493
16173491
16173484
16173479
16173475
16173467
16173465
16173455
16173444
16173436
16173428
16173414
16173396
16173391
16173381
16173374
16173368
16173364
16173352
16173343
16173333
16173325
16173308
16173298
16173288
16173269
16173251
16173247
16173240
16173235
16173228
16173221
16173195
16173119
16173109
16173096
16173086
16173076
16173061
16173043
16173023
16173000
16172990
16172977
16172960
16172945
16172934
16172902
16172866
16172851
16172829
16172804
16172790
16172767
16172754
16172739
16172679
16172640
16172571
16172551
16172533
16172498
16172471
16172423
16172398
16172381
16172263
16172225
16172200
16172152
16172082
16173362
16173233
16172416
16171807
16170943
16169629
16167329
16172144
16167105
16166040
16165901
16165762
16171061
16167622
16165111
16164411
16172326
16171925
16171554
16165934
16169484
16167432
16169930
16169731
16164064
16172094
16169781
16168735
16168622
16168583
16170228
16169750
16165419
16163648
16163603
16165894
16163695
16163642
16166494
16170502
16166491
16165442
16164624
16164615
16164602
16164564
16164508
16164496
16164482
16164441
16164406
16164382
16164325
16164134
16164114
16164101
16164083
16164042
16164033
16164007
16163968
16163806
16163762
16163750
16163740
16163725
16163710
16163701
16163682
16163645
16163612
16163606
16163591
16171593
16171489
16169979
16169952
16169943
16169908
16169890
16166606
16165508
16165431
16165396
16165132
16165020
16164687
16164664
16164612
16164559
16164536
16164513
16164501
16164493
16164467
16164447
16164396
16164373
16164322
16164305
16164173
16164154
16164088
16164074
16163971
16163944
16163921
16163916
16163871
16163809
16171154
16166993
16165605
16164618
16164609
16164569
16164548
16164526
16164485
16164453
16164425
16164379
16164330
16164302
16164277
16164270
16164255
16164213
16164120
16164077
16164048
16164016
16163974
16163913
16163904
16163874
16163853
16163793
16163688
16163666
16163653
16163639
16163615
16163582
16169790
16169776
16169760
16167689
16167670
16165931
16165923
16165669
16165545
16165519
16165493
16165428
16165386
16165368
16165353
16165333
16165322
16164652
16164599
16164556
16164519
16164313
16164296
16164244
16164192
16163877
16163858
16163850
16163826
16163816
16163796
16163759
16163753
16163636
16163609
16163577
16170407
16170129
16165929
16171134
16165295
16171858
16170968
16170945
16167146
16170789
16164942
16163713
16163675
16168586
16166362
16166239
16165694
16165165
16165139
16163958
16173799
16172103
16171788
16168475
16163469
16163465
16163462
16163458
16173795
16163535
16172253
16168302
16167407
16166510
16164693
16171980
16165490
16163847
16170660
16163552
16166728
16166003
16164782
16164444
16168147
16168015
16167889
16164267
16171725
16171410
16170315
16168336
16168048
16168037
16168009
16166870
16165818
16171166
16170016
16167031
16166723
16165361
16165330
16165325
16164927
16164587
16163799
16163781
16168058
16167588
16171867
16171692
16169306
16163521
16167665
16165977
16164777
16169424
16166238
16163884
16163566
16167849
16167842
16167830
16165174
16173643
16171221
16171195
16165744
16165640
16164679
16173322
16172711
16170388
16166757
16164170
16171860
16171855
16171841
16170818
16170485
16170284
16169755
16165407
16165072
16164964
16164167
16163659
16171481
16171358
16171342
16169572
16163542
16173497
16171224
16168629
16167958
16170779
16170047
16167962
16163787
16171901
16170511
16167861
16167617
16167029
16164506
16167661
16167646
16165672
16172575
16172069
16172047
16172001
16170166
16170146
16170071
16165328
16165303
16165260
16165245
16164631
16164590
16164546
16164504
16164459
16164413
16164363
16164308
16164235
16164146
16164182
16171779
16172582
16172564
16172182
16171940
16170396
16168227
16167102
16173739
16173725
16173713
16171066
16171058
16171041
16167955
16170543
16170530
16168221
16171311
16171261
16171245
16171205
16171187
16171160
16171148
16171063
16171014
16170998
16170965
16170914
16170907
16170881
16170863
16170835
16170637
16170585
16170550
16170527
16169946
16169844
16169813
16173100
16163998
16167817
16167510
16171812
16164229
16164097
16163953
16163856
16163728
16171839
16171525
16171443
16171356
16167932
16167111
16167087
16165067
16169127
16167910
16167899
16164857
16164832
16168253
16167916
16164893
16171943
16171775
16171756
16170548
16170533
16170516
16168822
16168800
16168773
16168731
16164511
16164369
16164339
16167034
16165990
16167824
16167786
16167774
16167750
16167716
16167695
16167668
16167648
16170080
16170033
16169987
16169949
16172149
16171887
16171143
16164970
16164930
16173206
16168479
16168219
16168156
16168002
16166881
16170730
16170684
16170655
16170624
16170602
16170553
16170509
16168655
16168496
16168433
16168332
16168306
16168257
16169201
16164824
16166675
16165881
16165724
16171451
16165980
16165801
16165584
16164913
16167633
16166013
16165608
16170194
16168683
16166528
16165128
16164341
16165280
16172330
16171296
16170653
16170266
16168970
16167050
16165648
16165595
16164925
16164465
16167065
16171638
16171420
16170756
16172942
16172549
16172425
16170934
16170824
16169995
16169855
16169258
16166431
16165788
16171127
16170960
16170939
16173211
16169333
16165542
16170810
16169552
16169559
16169381
16167981
16167611
16167283
16167036
16165155
16164834
16163625
16165643
16167833
16167465
16167457
16166885
16164842
16173225
16172974
16171130
16171078
16169767
16167663
16166335
16166291
16166257
16167141
16166062
16165629
16173055
16173007
16171461
16171413
16171373
16171302
16167872
16171117
16170505
16169834
16169268
16167575
16165437
16166754
16166744
16168210
16168200
16173090
16168431
16168040
16166065
16164390
16164361
16164011
16170235
16166618
16164906
16164785
16169875
16167151
16166544
16170696
16170063
16172237
16170972
16169743
16169705
16171844
16169964
16172105
16170094
16171715
16170672
16169882
16170793
16170735
16170725
16170415
16170306
16170143
16170042
16168847
16168783
16168761
16168531
16168027
16168004
16167678
16167650
16167641
16172523
16169541
16169335
16168827
16167920
16166609
16165539
16165262
16165218
16168567
16172042
16170936
16170929
16168187
16168101
16168021
16167905
16167814
16167553
16167201
16167182
16167084
16166366
16166201
16166170
16166160
16173754
16173749
16173017
16172893
16172857
16166686
16166653
16166629
16166584
16166556
16166521
16166470
16166273
16166229
16166113
16166068
16166048
16166023
16166001
16165975
16165947
16165919
16165897
16169311
16169282
16169242
16169204
16169163
16169137
16169107
16169080
16169041
16169005
16173567
16173561
16167948
16167937
16164282
16163735
16170393
16167881
16173264
16172861
16172016
16173403
16170494
16173275
16167863
16167089
16169038
16169998
16165100
16169455
16168408
16168150
16166809
16164289
16167369
16166972
16167422
16167356
16169383
16168450
16173027
16170920
16170689
16169053
16167429
16167778
16166157
16163679
16171645
16168174
16169178
16168190
16167018
16163732
16170926
16170368
16172732
16171397
16171180
16167884
16166860
16165391
16165469
16167722
16166708
16172019
16164790
16164310
16170890
16166932
16164137
16164027
16163629
16168165
16171622
16164690
16164450
16164201
16170084
16168491
16165044
16169841
16168631
16166736
16167697
16164684
16169621
16167057
16163685
16173448
16172787
16172459
16172110
16164023
16172447
16172003
16171817
16171527
16171505
16169975
16169820
16169758
16167997
16165550
16165515
16170733
16165959
16165921
16164540
16166046
16164320
16164292
16167455
16167741
16167459
16167359
16167135
16167072
16172431
16166898
16166526
16164719
16164359
16165657
16169624
16168989
16173139
16166570
16165199
16173600
16173542
16168042
16166227
16166017
16168296
16166879
16165145
16164562
16164554
16171192
16167346
16168536
16171407
16173586
16171696
16168986
16165051
16164123
16163524
16173488
16171967
16171709
16171485
16169715
16164210
16171987
16167399
16171827
16171760
16168814
16166478
16170648
16164551
16163528
16170440
16168559
16172895
16170026
16169922
16169887
16172436
16172288
16170667
16170437
16167559
16163981
16164299
16168215
16163977
16166683
16166649
16172013
16171334
16169354
16168205
16168108
16172360
16166983
16166590
16166377
16164583
16173280
16173032
16172984
16172123
16169478
16166914
16170083
16170054
16168287
16168274
16168198
16168185
16168172
16168128
16166333
16163651
16169232
16163632
16165795
16173442
16173418
16173389
16173366
16168861
16167731
16171025
16168543
16167044
16167008
16166996
16166777
16166437
16171228
16171132
16170740
16169197
16169093
16168973
16168902
16168251
16167840
16167797
16167165
16167133
16167113
16167107
16167079
16167042
16167027
16166979
16166912
16166731
16166392
16166357
16166305
16166255
16166101
16164889
16170546
16169360
16166970
16166443
16166394
16166140
16166091
16166050
16166027
16166008
16165971
16169678
16164208
16164902
16173162
16172855
16170899
16170826
16170791
16170701
16170635
16170600
16170560
16170418
16170311
16169765
16166472
16166387
16166267
16165558
16165481
16173141
16165943
16169925
16171894
16166782
16165288
16164592
16172240
16171613
16171454
16171157
16169590
16169338
16168895
16168130
16168081
16165037
16164164
16170764
16169014
16168068
16164954
16164852
16164347
16169402
16167307
16171438
16171266
16167638
16167272
16165189
16164476
16173778
16173658
16173577
16168245
16167331
16167076
16166908
16169795
16169263
16168885
16168235
16167062
16170745
16171921
16167534
16173733
16173688
16173608
16173563
16172721
16172213
16171113
16166824
16166700
16166110
16169718
16169699
16169669
16169634
16169769
16169665
16169406
16169277
16169422
16169291
16169123
16170682
16169319
16167573
16167010
16168955
16167752
16165356
16171119
16168687
16166671
16164231
16165831
16163908
16163634
16168354
16167908
16167859
16164848
16163669
16172987
16168276
16166150
16172906
16172883
16172872
16172840
16172821
16172773
16172760
16172750
16172735
16172702
16172687
16172673
16172669
16172656
16172650
16172626
16172613
16172591
16172567
16172553
16172541
16172519
16172510
16172491
16172479
16172306
16172281
16172273
16172257
16172243
16172221
16172207
16172175
16172160
16172138
16172113
16172075
16172065
16172038
16172026
16171991
16171961
16171936
16171911
16171890
16171863
16171847
16171835
16171798
16168203
16170758
16170750
16170709
16170699
16170677
16170670
16170651
16170640
16170622
16170620
16170596
16170580
16170562
16170539
16170518
16170507
16170492
16170473
16170460
16170451
16170420
16170413
16170382
16170366
16170344
16170323
16170160
16170153
16170111
16170092
16170036
16170014
16170003
16169973
16169962
16169937
16169917
16169885
16169880
16169857
16169847
16169837
16169826
16169803
16169793
16169763
16169753
16169741
16169739
16169710
16169701
16169667
16169648
16169570
16169564
16169539
16169531
16169498
16169476
16169434
16169420
16169379
16169365
16169341
16169331
16169315
16169309
16169270
16169236
16169211
16169199
16169150
16169146
16169119
16169099
16169067
16169051
16169010
16168984
16168968
16168957
16168933
16168918
16168792
16168720
16168698
16168671
16168662
16168612
16168597
16168539
16168494
16172267
16170658
16168991
16168940
16168927
16168769
16168722
16168681
16168457
16168391
16168345
16168322
16168285
16168126
16166706
16166681
16166612
16166424
16166375
16166331
16166307
16166269
16166243
16166199
16166189
16166138
16166122
16166093
16166055
16166032
16165973
16165957
16165659
16165634
16165603
16165579
16165506
16164280
16164162
16164140
16164127
16164099
16164086
16164055
16164036
16164014
16163987
16163841
16163730
16163704
16163677
16163657
16163627
16163580
16167784
16167776
16173157
16173152
16173144
16173126
16173124
16173113
16173107
16173105
16173103
16173098
16173088
16173084
16173080
16173074
16173067
16173053
16173045
16173039
16173030
16173021
16173011
16172992
16172982
16172971
16172966
16172954
16172949
16172940
16172938
16172932
16172927
16172923
16172916
16172910
16172900
16172891
16172864
16172812
16172794
16172777
16172771
16172758
16172748
16172743
16172725
16172709
16172697
16172691
16172677
16172667
16172660
16172654
16172647
16172634
16172617
16172609
16172599
16172589
16172580
16172559
16172441
16172418
16172407
16172396
16172368
16172363
16172358
16172332
16172324
16172314
16172279
16172251
16172229
16172216
16172211
16172198
16172196
16172136
16172101
16172086
16172060
16172058
16172045
16172032
16172030
16172011
16171995
16171976
16171965
16171953
16171949
16171907
16171897
16171885
16171881
16167995
16167986
16167414
16166084
16168514
16171764
16170220
16173314
16173304
16172800
16172714
16172455
16172400
16172316
16172247
16172192
16171814
16171771
16171736
16164712
16164659
16164532
16164456
16164352
16164237
16164178
16164157
16164107
16164051
16163964
16163897
16163773
16163691
16163621
16167604
16168158
16168153
16173329
16173318
16165953
16169347
16167972
16164727
16165865
16171523
16168007
16165426
16164952
16167944
16165889
16164885
16172291
16171686
16171379
16168649
16167703
16166788
16166631
16166455
16166034
16165077
16164974
16164771
16164731
16164415
16164019
16163594
16168177
16172500
16172483
16172467
16172443
16172413
16172392
16172334
16172302
16172188
16170752
16169213
16168702
16167451
16171464
16170243
16169357
16168923
16167629
16167563
16166210
16165434
16165207
16165001
16164117
16164038
16173132
16172338
16171534
16171393
16171019
16170975
16167444
16167137
16165586
16165374
16164996
16164709
16171425
16171327
16168909
16168879
16167383
16166293
16166057
16164621
16172005
16171750
16171294
16166775
16173082
16167903
16167887
16167857
16170068
16168517
16168463
16168405
16168111
16168098
16168086
16169362
16168636
16168488
16167892
16167607
16167594
16167349
16167081
16171796
16168529
16166673
16170148
16173350
16173197
16168193
16173283
16173115
16170271
16169537
16167946
16173550
16167765
16171121
16170049
16173793
16173532
16171364
16170096
16167479
16167094
16173552
16173019
16171017
16169582
16169737
16170231
16170078
16173258
16171219
16172607
16172729
16166962
16173668
16167098
16172507
16170873
16167613
16172994
16171050
16169906
16171243
16166892
16173069
16169818
16170313
16169152
16169135
16169061
16168351
16167242
16167109
16166191
16166142
16166077
16165842
16165793
16165754
16165238
16164431
16164409
16164371
16164337
16164294
16170304
16165105
16164176
16165153
16164811
16164764
16172465
16171576
16171552
16171447
16171387
16171362
16171332
16171309
16171288
16171256
16171235
16171226
16171217
16171200
16171190
16171169
16170728
16170703
16170687
16170675
16170645
16170627
16170605
16170592
16170574
16170568
16170514
16170500
16170462
16171318
16171284
16171178
16169933
16165620
16170594
16170572
16170541
16170520
16170432
16170402
16170371
16170348
16170325
16170309
16170292
16170264
16170233
16170185
16170164
16170073
16170045
16170001
16169982
16169928
16169904
16169878
16169861
16169839
16169824
16169805
16169779
16169729
16169708
16169690
16169663
16169584
16164994
16173678
16170247
16168996
16173685
16168841
16166986
16166838
16165371
16164636
16164418
16163585
16171492
16171298
16171055
16170115
16166563
16166337
16163927
16173691
16173674
16173121
16166231
16164648
16171495
16170629
16169992
16169058
16164802
16164249
16171163
16170821
16170801
16170217
16169800
16168342
16168242
16164516
16169481
16169447
16169427
16169399
16169367
16167794
16167770
16167727
16166532
16166452
16166396
16166359
16166281
16165907
16165891
16165867
16165848
16165806
16165771
16165747
16165711
16165674
16165665
16165581
16165560
16172404
16172385
16172365
16172342
16172310
16172285
16165855
16165835
16165803
16165756
16165734
16165714
16173650
16173432
16172091
16167343
16167124
16167115
16167023
16166448
16166389
16165169
16165082
16164920
16165025
16164671
16164576
16164219
16163989
16163788
16173722
16171782
16171699
16170742
16170327
16169644
16168728
16168425
16168093
16167978
16167912
16167318
16166954
16166411
16173593
16169607
16169244
16164724
16171874
16170330
16170253
16166760
16165858
16165267
16165033
16164668
16163868
16163600
16163559
16172619
16170009
16166445
16165399
16173420
16173093
16171903
16171851
16171733
16171654
16170956
16170103
16170038
16169955
16169614
16169027
16167143
16165626
16165242
16169849
16169723
16169441
16168898
16168446
16163597
16168521
16164216
16172818
16171927
16167934
16167556
16167001
16165465
16165203
16165014
16164871
16164399
16173481
16171703
16164845
16165764
16164980
16164896
16172783
16172167
16170238
16169680
16168979
16166506
16166010
16165677
16164936
16164879
16163722
16171415
16171090
16168248
16168195
16165651
16165059
16173631
16173359
16172879
16172504
16171915
16171629
16169468
16168906
16168470
16168089
16167580
16165645
16165277
16165142
16165092
16164258
16173356
16173050
16170469
16168949
16168673
16167361
16166019
16163941
16163784
16163671
16163618
16171467
16170088
16171003
16168555
16168051
16165567
16164428
16164402
16171007
16170783
16170207
16170157
16169807
16169631
16169343
16167216
16165654
16164642
16164490
16164479
16163950
16173699
16173682
16173602
16173295
16173285
16173063
16172727
16172516
16170131
16167300
16166948
16170632
16167234
16166928
16166746
16166668
16165696
16165612
16164195
16171434
16170760
16173605
16173580
16173558
16172595
16172351
16168459
16167989
16167826
16171785
16171110
16169165
16168141
16168012
16167869
16166181
16165809
16165592
16165707
16163937
16169035
16168315
16167718
16167712
16171632
16171616
16171567
16171538
16171513
16171502
16169593
16169566
16169544
16169525
16169489
16169444
16169414
16165844
16165821
16165790
16165750
16165727
16165704
16165688
16173590
16172964
16172912
16172636
16172409
16170362
16167046
16166400
16173202
16173058
16164948
16164198
16171648
16171625
16171600
16171580
16171569
16171563
16171545
16171507
16171458
16171431
16169521
16169486
16169458
16169371
16165936
16165926
16165916
16165884
16165851
16165768
16169495
16169451
16169411
16169389
16167845
16167658
16166688
16166664
16166625
16166580
16166558
16165861
16165838
16165815
16165774
16165738
16165717
16169533
16169502
16171768
16171718
16171679
16171662
16171651
16171635
16171610
16171603
16169610
16169579
16169555
16169512
16169464
16165691
16165681
16171721
16170139
16171274
16170616
16173596
16173457
16172996
16172487
16172388
16172034
16171239
16171106
16170107
16169515
16168104
16167223
16167185
16167174
16167053
16166958
16166711
16166420
16165575
16164433
16173128
16173013
16171232
16171213
16169548
16164645
16163812
16163569
16171752
16168747
16172622
16172475
16170029
16169650
16169043
16169017
16168711
16168268
16173471
16173424
16173406
16173385
16170859
16170798
16170775
16168298
16173546
16172844
16172825
16172806
16172796
16172779
16171171
16163880
16163861
16163843
16163822
16163802
16163769
16168328
16165589
16165528
16173451
16171034
16170711
16169640
16166214
16164756
16164343
16163548
16167983
16167157
16167012
16166805
16165797
16165047
16164701
16163887
16163555
16169586
16168421
16166820
16165983
16165622
16164740
16173767
16173670
16173664
16173654
16173554
16173522
16173461
16173410
16172956
16172529
16169786
16167538
16167193
16166924
16166854
16164815
16164796
16164150
16170828
16168064
16167941
16167928
16165496
16165299
16165157
16164542
16164225
16163706
16171320
16166408
16170524
16169438
16169375
16168740
16166847
16165903
16170019
16167288
16166576
16171668
16171474
16170952
16164067
16173728
16173710
16173661
16167198
16167069
16167015
16168764
16168588
16168030
16171445
16173695
16173260
16171675
16170556
16168441
16168347
16167685
16165311
16171658
16171470
16170273
16165415
16172007
16164752
16164605
16164437
16170340
16170294
16170210
16170174
16169617
16167875
16167467
16167161
16166964
16166536
16165993
16165616
16165477
16165273
16164572
16163899
16163837
16173624
16173569
16172683
16171740
16171516
16169238
16168116
16167836
16167799
16166309
16166251
16165982
16173611
16170989
16172269
16172603
16170982
16163573
16168804
16167743
16167759
16166474
16171556
16170718
16168545
16168281
16167325
16166301
16164944
16169505
16169302
16170170
16171375
16170692
16170642
16172868
16171123
16170453
16168261
16167790
16166645
16164986
16170607
16170564
16170478
16170099
16164376
16172298
16171305
16170056
16166285
16171945
16170884
16170812
16167820
16166594
16165870
16165700
16164522
16164470
16164285
16164184
16172133
16172119
16170576
16170535
16170488
16172693
16172630
16172585
16172427
16172156
16171983
16171870
16168398
16168366
16168292
16168033
16167807
16167321
16167296
16167189
16173335
16173646
16170855
16168786
16164091
16164071
16164060
16172545
16171682
16171665
16165731
16165720
16173771
16173763
16173756
16173745
16171097
16171080
16171046
16170847
16170838
16165599
16165554
16165500
16165422
16165349
16165307
16165256
16165183
16165121
16168357
16168982
16168738
16163531
16169133
16169097
16169033
16173544
16173540
16173372
16170845
16167788
16165040
16164488
16163996
16163738
16167211
16172328
16171608
16170816
16170168
16170113
16169284
16167644
16167074
16166801
16166208
16165042
16164999
16164273
16171286
16164909
16172433
16170196
16170180
16168850
16172699
16171809
16170350
16170337
16170214
16169720
16169626
16168824
16167762
16167747
16166462
16170870
16170842
16169734
16168605
16168162
16168145
16167481
16166079
16164737
16164716
16163955
16169658
16168892
16173378
16172764
16170611
16166503
16168935
16168224
16166546
16166037
16169771
16167854
16166117
16169279
16167220
16170904
16170897
16167311
16166830
16166751
16173400
16173237
16171072
16165017
16164983
16164939
16163747
16173393
16172717
16169288
16168552
16166873
16173149
16172231
16171878
16171730
16169984
16169158
16166417
16170155
16170134
16170125
16169784
16169774
16169462
16169329
16169323
16169317
16169313
16169298
16169293
16169286
16169272
16169266
16169256
16169234
16169224
16169207
16169195
16169187
16169161
16169148
16169144
16169139
16169121
16169101
16169095
16169089
16169082
16169071
16169056
16168904
16168883
16168870
16168853
16168837
16168818
16168802
16168790
16168771
16168757
16168733
16168718
16168700
16168696
16168667
16169686
16169430
16169392
16166343
16168181
16165230
16165201
16173034
16165877
16165451
16163777
16169654
16166719
16164655
16167504
16173514
16173510
16173502
16167392
16167365
16166621
16166598
16166130
16166106
16166042
16166025
16165964
16165949
16173639
16173438
16173339
16167584
16167352
16167303
16166060
16164627
16164529
16163743
16165997
16172537
16168775
16173573
16168054
16167803
16167523
16167500
16167167
16166086
16165177
16163833
16163562
16171596
16164861
16168133
16171702
16170120
16166313
16164875
16166321
16172887
16172451
16172294
16167513
16169601
16167756
16164001
16172462
16171712
16168428
16167570
16167517
16166426
16164819
16172204
16170805
16170199
16169408
16169386
16168865
16168689
16168339
16165783
16164915
16164839
16170768
16164422
16164264
16164131
16164111
16164094
16164080
16164057
16164045
16164030
16164004
16163993
16163947
16163924
16163910
16163894
16163865
16171038
16170715
16170464
16168230
16168045
16167396
16165961
16167280
16167261
16167250
16167227
16167207
16167171
16167154
16167130
16167005
16166951
16166905
16166867
16166844
16166827
16166798
16166741
16172420
16171804
16170429
16170334
16170277
16170187
16170023
16169864
16169576
16169189
16168652
16168289
16167952
16167738
16167692
16167601
16166523
16166052
16165474
16165358
16165213
16164104
16163588
16165911
16165381
16165319
16165249
16165115
16165089
16165065
16164967
16169914
16169726
16168481
16168393
16167542
16163515
16163509
16163500
16169828
16169810
16169712
16169696
16167624
16167489
16167442
16167425
16167285
16163819
16170289
16170204
16168084
16168075
16166167
16163663
16167121
16165468
16165344
16165283
16164793
16163518
16163512
16163503
16163491
16167895
16165833
16165786
16165338
16169870
16169859
16169604
16168541
16168414
16168370
16168265
16167148
16165223
16165137
16163506
16163497
16169509
16169206
16164869
16163494
16163488
16164233
16163533
16166325
16164333
16163919
16170722
16170399
16170060
16169935
16169901
16169867
16169830
16169112
16167992
16167866
16167266
16166220
16163539
16167419
16165563
16165535
16165524
16165511
16165483
16165459
16165445
16165403
16165377
16165364
16165340
16165292
16165265
16165252
16165234
16170986
16172234
16170497
16163485
16163482
16163476
16172218
16170075
16163479
16163473
16171248
16171230
16171104
16168625
16168096
16168077
16165597
16165413
16165389
16166786
16165394
16167128
16164904
16172439
16170012
16167496
16167487
16167434
16167270
16167253
16166179
16166148
16165571
16164365
16170409
16168508
16168499
16168473
16165899
16165887
16172859
16171606
16171641
16170932
16170910
16170893
16170771
16169746
16169674
16166005
16165504
16165463
16165317
16171930
16171909
16171883
16169087
16171237
16171211
16170590
16168114
16167918
16165113
16172898
16167498
16165813
16169091
16169069
16169031
16165098
16169012
16166833
16164129
16169694
16169676
16168240
16167754
16167376
16166193
16165914
16165760
16164729
16172142
16166586
16166530
16172557
16172473
16168570
16168385
16165247
16165109
16165023
16164822
16164697
16172947
16172925
16170467
16169596
16164800
16163546
16172601
16167852
16172665
16171643
16169562
16168839
16168798
16168595
16167968
16167427
16167417
16167390
16167380
16167119
16167067
16166944
16166920
16166900
16166883
16166842
16166814
16166792
16166769
16166749
16166695
16166637
16166501
16166487
16166468
16166279
16166234
16164809
16164762
16168071
16171583
16171497
16171292
16171264
16170282
16168073
16166991
16166643
16166381
16164699
16173117
16171971
16166070
16169529
16169418
16169300
16169115
16166975
16166858
16166635
16166588
16166466
16166364
16166271
16173731
16171085
16170995
16168820
16167923
16171339
16171281
16171198
16169896
16169684
16168024
16165297
16165107
16164661
16170178
16169703
16169638
16167976
16167879
16166072
16165226
16164923
16164827
